1.1584758758544922
1.194000244140625
1.161336898803711
1.2412071228027344
1.1661052703857422
1.1658668518066406
1.1467933654785156
1.2433528900146484
1.2824535369873047
1.6143321990966797
1.165151596069336
1.1782646179199219
1.1620521545410156
1.1713504791259766
1.1837482452392578
1.1851787567138672
1.173257827758789
1.1582374572753906
1.155853271484375
1.1916160583496094
1.15203857421875
1.2962818145751953
1.165151596069336
1.3470649719238281
1.1568069458007812
1.2586116790771484
1.2967586517333984
1.1603832244873047
1.1632442474365234
1.2979507446289062
1.1701583862304688
1.2614727020263672
1.163482666015625
1.3031959533691406
1.3325214385986328
1.2006759643554688
1.1608600616455078
1.25885009765625
1.1448860168457031
1.1844635009765625
1.1496543884277344
1.1487007141113281
1.1818408966064453
1.1692047119140625
1.1591911315917969
1.1582374572753906
1.1658668518066406
1.1649131774902344
1.155853271484375
1.3744831085205078
1.1792182922363281
1.1737346649169922
1.1680126190185547
1.2657642364501953
1.2574195861816406
1.1980533599853516
1.2617111206054688
1.1625289916992188
1.2614727020263672
1.2667179107666016
1.1701583862304688
1.3568401336669922
1.2409687042236328
1.2476444244384766
1.2898445129394531
1.2500286102294922
1.1620521545410156
1.268625259399414
1.1553764343261719
1.1608600616455078
1.260995864868164
1.173257827758789
1.2519359588623047
1.1644363403320312
1.1680126190185547
1.1754035949707031
1.1472702026367188
1.1625289916992188
1.2774467468261719
1.3248920440673828
1.2497901916503906
1.2085437774658203
1.2497901916503906
1.1730194091796875
1.3022422790527344
1.1568069458007812
1.1851787567138672
1.3682842254638672
1.1944770812988281
1.1718273162841797
1.146554946899414
1.2717247009277344
1.1518001556396484
1.279592514038086
1.3570785522460938
1.161813735961914
1.5552043914794922
1.2497901916503906
1.15966796875
1.171112060546875
