0.8347034454345703
0.20933151245117188
0.18453598022460938
0.1819133758544922
0.18024444580078125
0.17976760864257812
0.17833709716796875
0.2472400665283203
0.19431114196777344
0.1823902130126953
0.17976760864257812
0.18262863159179688
0.18215179443359375
0.1811981201171875
0.179290771484375
0.18024444580078125
0.1800060272216797
0.18262863159179688
0.17952919006347656
0.1800060272216797
0.1819133758544922
0.2205371856689453
0.19121170043945312
0.25773048400878906
0.19741058349609375
0.18596649169921875
0.1881122589111328
0.1819133758544922
0.1804828643798828
0.18143653869628906
0.179290771484375
0.17952919006347656
0.1811981201171875
0.1819133758544922
0.17976760864257812
0.1819133758544922
0.18358230590820312
0.18072128295898438
0.18405914306640625
0.18262863159179688
0.26917457580566406
0.2071857452392578
0.1838207244873047
0.18310546875
0.1819133758544922
0.18453598022460938
0.18787384033203125
0.1881122589111328
0.18835067749023438
0.19073486328125
0.1850128173828125
0.18358230590820312
0.18167495727539062
0.1811981201171875
0.18286705017089844
0.1804828643798828
0.19502639770507812
0.18215179443359375
0.18143653869628906
0.18072128295898438
0.18143653869628906
0.18095970153808594
0.1804828643798828
0.18215179443359375
0.1823902130126953
0.1823902130126953
0.18286705017089844
0.18262863159179688
0.18167495727539062
0.1811981201171875
0.17976760864257812
0.21696090698242188
0.22864341735839844
0.19550323486328125
0.19049644470214844
0.18596649169921875
0.18286705017089844
0.18024444580078125
0.179290771484375
0.179290771484375
0.17833709716796875
0.18143653869628906
0.18095970153808594
0.179290771484375
0.1800060272216797
0.18167495727539062
0.18143653869628906
0.19621849060058594
0.1811981201171875
0.2849102020263672
0.186920166015625
0.18262863159179688
0.19168853759765625
0.18930435180664062
0.18262863159179688
0.18262863159179688
0.18858909606933594
0.1862049102783203
0.18715858459472656
0.18906593322753906
